494 0.052 179
62 0.000000 0.193548
69 0.193548 0.193548
74 0.387096 0.193548
77 0.580644 0.193548
74 0.870966 0.193548
69 1.161288 0.193548
74 1.354836 0.193548
60 1.548384 0.193548
67 1.741932 0.193548
72 1.935480 0.193548
76 2.129028 0.193548
72 2.419350 0.193548
72 2.709672 0.193548
57 3.096768 0.193548
69 3.290316 0.193548
72 3.483864 0.193548
76 3.677412 0.193548
72 3.967734 0.193548
69 4.258056 0.193548
72 4.451604 0.193548
58 4.645152 0.193548
65 4.838700 0.193548
70 5.032248 0.096774
72 5.129022 0.096774
74 5.225796 0.193548
60 5.419344 0.193548
67 5.612892 0.193548
72 5.806440 0.096774
74 5.903214 0.096774
76 5.999988 0.193548
62 6.193536 0.193548
69 6.387084 0.193548
74 6.580632 0.193548
77 6.774180 0.193548
74 7.064502 0.193548
69 7.354824 0.193548
74 7.548372 0.193548
60 7.741920 0.193548
67 7.935468 0.193548
72 8.129016 0.193548
76 8.322564 0.193548
72 8.612886 0.193547
72 8.903208 0.193548
57 9.290304 0.193548
69 9.483852 0.193547
72 9.677400 0.193548
76 9.870948 0.193548
72 10.161270 0.193548
60 10.451592 0.193547
57 10.645140 0.193548
58 10.838688 0.193548
65 11.032236 0.193548
70 11.225784 0.096774
72 11.322558 0.096773
74 11.419332 0.193548
57 11.612880 0.193548
64 11.806428 0.193548
69 11.999976 0.096774
76 12.096750 0.096774
81 12.193524 0.193547
79 12.774168 0.193548
81 12.967716 0.193548
79 13.161264 0.193547
79 13.354812 0.193548
77 13.548360 0.193548
76 13.741908 0.387095
74 14.129004 0.193548
72 14.322552 0.193548
74 14.516100 0.580644
72 15.096744 0.193548
79 18.967705 0.193546
81 19.161251 0.193548
79 19.354799 0.193548
79 19.548347 0.193548
77 19.741896 0.193548
76 19.935444 0.387096
77 20.322540 0.096773
79 20.419313 0.096775
84 20.516088 0.193548
81 20.709637 0.580643
79 23.806404 0.387096
81 24.193501 0.193548
84 24.387049 0.193548
86 24.580597 0.193546
81 24.967691 0.193548
84 25.161240 0.193548
86 25.354788 0.193548
84 25.645109 0.290323
86 25.935432 0.193548
89 26.128981 0.193548
88 26.322529 0.290321
84 26.612850 0.290321
81 26.903172 0.387096
89 27.677364 0.193548
88 27.870913 0.290321
84 28.161234 0.290321
81 28.451555 0.290323
79 28.741879 0.290321
81 29.032200 0.193548
88 29.225748 0.193548
86 29.419296 0.290321
84 29.709618 0.290323
81 29.999941 0.290321
79 30.290262 0.290321
77 30.580584 0.193548
76 30.774132 0.193548
74 30.967680 0.193548
79 31.354776 0.193548
81 31.548325 0.193548
79 31.741873 0.193546
79 31.935419 0.193548
77 32.128967 0.193550
76 32.322517 0.387096
74 32.709614 0.193546
72 32.903160 0.193546
79 33.096706 0.387096
74 33.483803 0.193550
72 33.677353 0.193546
72 35.225735 0.193550
77 35.419285 0.193546
86 35.612831 0.193550
84 35.903152 0.193550
81 36.193478 0.193546
79 36.387024 0.193546
77 36.677345 0.193550
76 36.967667 0.193550
74 37.161217 2.322575
81 40.257984 0.096775
77 40.548306 0.096775
74 40.838627 0.096771
72 41.128952 0.290321
74 41.419273 0.193546
81 41.612820 0.096771
79 41.806370 0.096775
76 42.096687 0.096775
72 42.387012 0.193546
79 43.354752 0.096775
76 43.645073 0.096775
72 43.935394 0.096775
69 44.225719 0.290321
72 44.516041 0.193546
79 44.709587 0.096771
77 44.903137 0.096775
74 45.290234 0.193546
69 45.677326 0.193550
74 45.870876 0.193546
77 46.064423 0.193550
74 46.257973 0.193546
81 46.451519 0.096779
77 46.741840 0.096775
74 47.032166 0.096771
72 47.322487 0.290321
74 47.612808 0.193546
81 47.806355 0.096775
79 47.999905 0.096775
76 48.290222 0.096779
77 48.387001 0.096775
76 48.483776 0.096771
74 48.580547 0.096771
72 48.677319 0.096779
72 49.161194 0.387093
79 49.548286 0.096779
76 49.838608 0.096775
72 50.128933 0.096771
69 50.419254 0.290321
72 50.709576 0.193550
79 50.903126 0.193546
77 51.096672 0.387096
81 51.483768 0.387096
76 51.870865 0.387096
73 52.257961 0.387096
81 52.645058 0.096775
77 52.935375 0.096775
84 53.225700 0.096771
79 53.516026 0.290318
81 53.806343 0.193550
86 53.999893 0.193546
88 54.193439 0.096775
84 54.483761 0.096775
81 54.774082 0.193550
79 55.354729 0.193546
84 55.548275 0.193550
88 55.741825 0.096775
84 56.032143 0.290325
91 56.322468 0.387096
93 56.709564 0.290325
88 57.096661 0.193546
89 57.290207 0.290321
88 57.580528 0.290325
86 57.870853 0.193546
84 58.064400 0.387096
79 58.451496 0.387096
81 58.838593 0.096775
77 59.128914 0.096775
74 59.419235 0.096771
72 59.709560 0.290321
74 59.999882 0.193546
81 60.193428 0.096771
79 60.386974 0.096779
76 60.677296 0.096775
77 60.774071 0.096779
76 60.870850 0.096771
74 60.967621 0.096771
72 61.064392 0.096775
72 61.548264 0.387096
79 61.935360 0.096775
76 62.225681 0.096775
72 62.516003 0.096775
69 62.903099 0.193550
72 63.096649 0.193546
79 63.290195 0.193550
77 63.483746 0.193546
74 63.870838 0.387096
73 64.257935 0.193550
69 64.645035 0.387093
65 65.032127 0.967743
64 65.999870 0.193542
65 66.193413 0.193550
69 66.386963 0.193550
67 66.580513 0.967743
65 67.548256 0.193542
67 67.741798 0.387100
69 68.128899 2.129021
72 70.257919 0.387108
74 70.645027 0.387085
64 71.032112 0.193550
65 71.225662 0.967743
64 72.193405 0.193550
65 72.386955 0.193542
69 72.580498 0.193550
67 72.774048 0.580643
67 73.354691 0.387100
65 73.741791 0.290321
64 74.032112 0.290321
67 74.322433 0.580635
65 74.903069 1.548386
72 77.032104 0.387093
74 77.419197 0.967751
72 78.386948 0.193542
74 78.580490 0.193542
77 78.774033 0.193550
76 78.967583 0.967743
74 79.935326 0.193550
72 80.128876 0.387093
77 80.515968 2.129021
79 82.644989 0.387108
81 83.032097 0.387085
72 83.419182 0.193558
74 83.612740 0.967743
72 84.580482 0.193542
74 84.774025 0.193542
77 84.967567 0.193550
76 85.161118 0.967743
77 86.128860 0.193550
79 86.322411 0.387093
81 86.709503 0.193550
81 87.290146 0.193550
81 87.870789 0.193550
76 88.257889 0.193550
76 88.644981 0.193550
76 89.032082 0.193550
76 89.419174 0.193542
62 89.806274 0.193550
69 89.999825 0.193542
74 90.193367 0.193542
77 90.386909 0.193558
74 90.677238 0.193542
69 90.967560 0.193542
74 91.161102 0.193550
60 91.354652 0.193558
67 91.548210 0.193542
72 91.741753 0.193542
76 91.935295 0.193550
72 92.225624 0.193542
72 92.515945 0.193542
57 92.903038 0.193558
69 93.096596 0.193542
72 93.290138 0.193542
76 93.483681 0.193550
72 93.774010 0.193542
69 94.064331 0.193542
72 94.257874 0.193550
58 94.451424 0.193550
65 94.644974 0.193542
70 94.838516 0.096779
72 94.935295 0.096771
74 95.032066 0.193550
60 95.225616 0.193550
67 95.419167 0.193542
72 95.612709 0.096779
74 95.709488 0.096771
76 95.806259 0.193550
62 95.999809 0.193550
69 96.193359 0.193542
74 96.386902 0.193542
77 96.580444 0.193558
74 96.870773 0.193550
69 97.161095 0.193542
74 97.354637 0.193558
60 97.548195 0.193550
67 97.741745 0.193542
72 97.935287 0.193542
76 98.128830 0.193558
72 98.419159 0.193542
72 98.709480 0.193542
57 99.096573 0.193558
69 99.290131 0.193542
72 99.483673 0.193542
76 99.677216 0.193550
72 99.967545 0.193542
60 100.257866 0.193542
57 100.451408 0.193550
58 100.644958 0.193550
65 100.838509 0.193550
70 101.032059 0.096771
72 101.128830 0.096771
74 101.225601 0.193550
57 101.419151 0.193550
64 101.612701 0.193550
69 101.806252 0.096771
76 101.903023 0.096771
81 101.999794 0.193550
79 102.580437 0.193550
81 102.773987 0.193550
79 102.967537 0.193550
79 103.161087 0.193542
77 103.354630 0.193550
76 103.548180 0.387100
74 103.935280 0.193542
72 104.128822 0.193542
74 104.322365 0.580650
72 104.903015 0.193542
79 108.773979 0.193542
81 108.967522 0.193550
79 109.161072 0.193550
79 109.354622 0.193542
77 109.548164 0.193550
76 109.741714 0.387100
79 110.128815 0.193542
84 110.322357 0.193550
81 110.515907 0.580643
79 113.612671 0.387108
81 113.999779 0.193542
84 114.193321 0.193542
86 114.386864 0.193550
81 114.773972 0.193542
84 114.967514 0.193542
86 115.161057 0.193550
84 115.451385 0.290321
86 115.741707 0.193542
89 115.935249 0.193550
88 116.128799 0.290321
84 116.419121 0.290321
81 116.709442 0.387100
89 117.483635 0.193550
88 117.677185 0.290321
84 117.967506 0.290321
81 118.257828 0.290321
79 118.548149 0.290321
81 118.838470 0.193542
88 119.032013 0.193558
86 119.225571 0.290314
84 119.515884 0.290321
81 119.806206 0.290329
79 120.096535 0.290321
77 120.386856 0.185478
76 120.580399 0.193550
74 120.773949 0.193558
79 121.161049 0.193542
81 121.354591 0.193550
79 121.548141 0.193558
79 121.741699 0.193542
77 121.935242 0.193542
76 122.128784 0.387100
74 122.515884 0.193550
72 122.709435 0.193542
79 122.902977 0.387100
74 123.290077 0.193550
72 123.483627 0.193542
72 125.032005 0.193550
77 125.225555 0.193550
86 125.419106 0.193550
84 125.709427 0.193550
81 125.999741 0.193558
79 126.193298 0.193550
77 126.483620 0.193550
76 126.773933 0.193558
74 126.967491 2.322578
72 135.870682 0.387115
79 136.257797 0.096756
76 136.548111 0.096786
72 136.838425 0.096786
69 137.128754 0.290314
72 137.419067 0.193558
79 137.612625 0.193558
77 137.806183 0.387100
81 138.193283 0.387085
76 138.580368 0.387085
73 138.967453 0.387100
81 139.354553 0.096771
77 139.644882 0.096786
84 139.935196 0.096786
79 140.225525 0.290314
81 140.515839 0.193558
86 140.709396 0.193542
88 140.902939 0.096771
84 141.193268 0.096786
81 141.483582 0.193558
79 142.064224 0.193558
84 142.257782 0.193542
88 142.451324 0.096771
84 142.741653 0.290314
91 143.031967 0.387100
93 143.419067 0.290329
88 143.806168 0.193542
89 143.999710 0.290329
88 144.290039 0.290314
86 144.580353 0.193558
84 144.773911 0.387085
81 145.165024 0.096786
79 145.257782 0.290314
81 145.548096 0.096771
77 145.838409 0.096786
74 146.128738 0.096786
72 146.419052 0.290329
74 146.709381 0.193542
81 146.902924 0.096786
79 147.096481 0.096771
76 147.386795 0.096786
77 147.483582 0.096771
76 147.580353 0.096771
74 147.677124 0.096786
72 147.773911 0.096756
72 148.257767 0.387100
79 148.644867 0.096771
76 148.935181 0.096786
72 149.225510 0.096771
69 149.612610 0.193527
72 149.806137 0.193558
79 149.999695 0.193558
77 150.193253 0.193542
74 150.580353 0.387085
73 150.967438 0.193558
69 151.354523 0.387115
65 151.741638 0.967743
64 152.709381 0.193527
65 152.902908 0.193558
69 153.096466 0.193542
67 153.290009 0.967758
65 154.257767 0.193527
67 154.451294 0.387100
69 154.838394 2.129028
72 156.967422 0.387100
74 157.354523 0.387100
64 157.741623 0.193542
65 157.935165 0.967743
64 158.902908 0.193542
65 159.096451 0.193542
69 159.289993 0.193558
67 159.483551 0.580643
67 160.064194 0.387100
65 160.451294 0.290329
64 160.741623 0.290314
67 161.031937 0.580643
65 161.612579 1.548386
72 163.741592 0.387115
74 164.128708 0.967743
72 165.096451 0.193527
74 165.289978 0.193558
77 165.483536 0.193558
76 165.677094 0.967743
74 166.644836 0.193527
72 166.838364 0.387115
77 167.225479 0.580627
77 167.806107 0.580643
77 168.386749 0.967743
79 169.354492 0.387100
81 169.741592 0.387100
72 170.128693 0.193542
74 170.322235 0.967743
72 171.289978 0.193542
74 171.483521 0.193558
77 171.677078 0.193542
76 171.870621 0.967743
77 172.838364 0.193542
79 173.031906 0.387100
81 173.419006 0.193558
81 173.999649 0.193558
81 174.580292 0.193542
76 174.967392 0.193558
76 175.354492 0.193542
76 175.741577 0.193558
76 176.128677 0.193542
86 176.515778 0.193558
