454 0.05225 170
41 0.000000 0.177935
41 0.533807 0.177935
48 0.711742 0.177936
41 1.067613 0.177935
46 1.423484 0.177935
46 1.957291 0.177935
53 2.135226 0.177936
46 2.491097 0.177936
41 2.846968 0.177936
41 3.380774 0.177936
48 3.558710 0.177935
41 3.914581 0.177935
36 4.270452 0.177936
36 4.804258 0.177936
43 4.982194 0.177936
46 5.338065 0.177935
41 5.693936 0.177936
41 6.227743 0.177935
48 6.405678 0.177936
41 6.761549 0.177936
46 7.117420 0.177935
46 7.651227 0.177936
53 7.829162 0.177935
46 8.185033 0.177936
48 8.540904 0.177936
48 9.074710 0.177937
48 9.252646 0.177936
48 9.608517 0.177936
53 9.964388 0.177937
48 10.320259 0.177935
41 10.676130 0.177936
69 11.387872 0.177937
69 11.743743 0.177935
67 12.455485 0.177935
65 12.633420 0.177936
70 12.811356 0.177937
70 13.167227 0.177936
72 13.878969 0.177935
74 14.056904 0.177937
69 14.234840 0.177936
69 14.590711 0.177936
67 15.302453 0.177935
65 15.480388 0.177937
67 15.658324 0.177936
67 16.014194 0.177935
67 16.370066 0.177937
69 16.548002 0.177935
67 16.725937 0.177935
65 16.903872 0.177937
69 17.081808 0.177937
69 17.437679 0.177935
67 18.149420 0.177937
65 18.327356 0.177937
70 18.505293 0.177935
70 18.861164 0.177935
72 19.572905 0.177935
74 19.750839 0.177937
69 19.928776 0.177937
67 20.640518 0.177937
60 20.996387 0.177937
62 21.174324 0.177937
65 21.352261 0.177935
69 22.775743 0.177937
69 23.131617 0.177933
67 23.843355 0.177937
65 24.021292 0.177937
70 24.199228 0.177937
70 24.555099 0.177935
72 25.266840 0.177937
74 25.444777 0.177935
69 25.622711 0.177937
69 25.978584 0.177935
67 26.690325 0.177935
65 26.868259 0.177937
67 27.046196 0.177937
67 27.402067 0.177935
67 27.757938 0.177937
69 27.935875 0.177933
67 28.113808 0.177937
65 28.291744 0.177937
69 28.469681 0.177935
69 28.825552 0.177935
67 29.537292 0.177935
65 29.715227 0.177937
70 29.893164 0.177937
70 30.249037 0.177933
72 30.960775 0.177937
74 31.138712 0.177937
69 31.316648 0.177935
67 32.028389 0.177937
60 32.384258 0.177937
62 32.562195 0.177937
65 32.740131 0.177937
72 34.163616 0.177937
74 34.341553 0.177937
77 34.519489 0.177937
72 35.231228 0.177937
74 35.409164 0.177937
77 35.587101 0.177937
72 36.120907 0.088970
74 36.209877 0.088963
79 36.298840 0.177937
81 36.476776 0.177937
72 37.010586 0.177933
74 37.188519 0.177937
77 37.366455 0.177937
72 38.078197 0.177933
74 38.256130 0.177937
77 38.434067 0.177937
79 38.967876 0.088966
81 39.056843 0.088966
74 39.145809 0.177937
72 39.323746 0.177933
72 39.857552 0.177937
74 40.035488 0.177937
77 40.213425 0.177937
72 40.925163 0.177937
74 41.103100 0.177937
77 41.281036 0.177937
72 41.814842 0.088970
74 41.903812 0.088963
79 41.992775 0.177937
81 42.170712 0.177937
72 43.060390 0.177937
74 43.238327 0.177937
77 43.416264 0.177933
72 43.772133 0.177937
74 43.950069 0.177933
65 44.128002 0.177937
72 45.551487 0.177937
74 45.729424 0.177937
77 45.907360 0.177937
72 46.619099 0.177937
74 46.797035 0.177937
77 46.974972 0.177937
72 47.508781 0.088966
74 47.597748 0.088963
79 47.686710 0.177937
81 47.864647 0.177937
72 48.398457 0.177937
74 48.576393 0.177937
77 48.754330 0.177933
72 49.466068 0.177937
74 49.644005 0.177937
77 49.821941 0.177933
79 50.355747 0.088970
81 50.444717 0.088963
74 50.533680 0.177937
72 50.711617 0.177937
72 51.245422 0.177937
74 51.423359 0.177937
77 51.601295 0.177937
72 52.313038 0.177933
74 52.490971 0.177937
77 52.668907 0.177937
72 53.202717 0.088966
74 53.291683 0.088966
79 53.380650 0.177933
81 53.558582 0.177937
72 54.448265 0.177937
74 54.626202 0.177933
77 54.804134 0.177933
72 55.160004 0.177937
74 55.337940 0.177937
77 55.515877 0.177937
67 56.583488 0.177937
69 56.761425 0.177937
72 56.939362 0.177933
72 58.006973 0.177937
74 58.184910 0.177933
76 58.362843 0.177937
74 58.718716 0.177937
72 58.896652 0.177933
74 59.252522 0.177933
69 59.430454 0.177937
67 60.853939 0.177937
69 61.031876 0.177937
72 61.209812 0.177937
69 61.565685 0.177937
67 61.743622 0.177929
69 62.099487 0.177937
65 62.277424 0.177937
67 63.700909 0.177937
69 63.878845 0.177933
72 64.056778 0.177940
69 64.412651 0.177940
67 64.590591 0.177925
69 64.946457 0.177933
64 65.480263 0.177940
57 66.014069 0.177940
60 66.547874 0.177940
69 66.903748 0.177933
72 67.259613 0.177940
67 67.437553 0.177933
65 67.971359 0.177940
72 68.356888 0.140862
72 69.394852 0.177933
74 69.572784 0.177933
77 69.750717 0.177933
76 70.106583 0.177940
72 70.284523 0.177933
74 70.640388 0.177940
69 70.818329 0.177933
65 72.063881 0.177933
67 72.241814 0.177940
69 72.419754 0.177925
72 72.597679 0.177940
69 72.953552 0.177933
67 73.131485 0.177940
69 73.487358 0.177940
65 73.665298 0.177933
67 75.088783 0.177940
69 75.266724 0.177933
72 75.444656 0.177925
69 75.800522 0.177933
67 75.978455 0.177940
69 76.334328 0.177933
76 76.868134 0.177940
69 77.401947 0.177933
72 77.935753 0.177933
81 78.291618 0.177933
79 78.825424 0.177933
81 79.359230 0.177940
77 79.715103 0.177940
67 81.672394 0.177933
69 81.850327 0.177940
74 83.095879 0.088966
76 83.184845 0.088974
77 83.273819 0.177933
76 83.451752 0.177933
74 83.629684 0.177940
76 83.807625 0.177925
72 83.985550 0.177940
74 84.163490 0.177933
69 84.341423 0.177940
72 84.519363 0.177933
67 84.697296 0.177933
69 84.875229 0.177940
69 85.053169 0.177933
67 85.320068 0.088974
65 85.409042 0.177933
60 87.366325 0.177940
65 87.544266 0.177933
62 88.789818 0.088966
60 88.878784 0.088966
65 88.967751 0.177940
67 89.234657 0.177933
69 89.501556 0.177933
65 89.679489 0.177933
69 91.102974 0.177940
69 91.458847 0.177940
67 92.170593 0.177933
65 92.348526 0.177940
70 92.526466 0.177925
70 92.882324 0.177940
72 93.594070 0.177940
74 93.772011 0.177933
69 93.949944 0.177933
69 94.305817 0.177933
67 95.017563 0.177933
65 95.195496 0.177925
67 95.373421 0.177940
67 95.729294 0.177940
67 96.085167 0.177940
69 96.263107 0.177933
67 96.441040 0.177933
65 96.618973 0.177940
69 96.796913 0.177933
69 97.152786 0.177933
67 97.864525 0.177940
65 98.042465 0.177933
70 98.220398 0.177933
70 98.576263 0.177940
72 99.288010 0.177933
74 99.465942 0.177940
69 99.643883 0.177933
67 100.355621 0.177940
62 100.711494 0.177940
60 100.889435 0.177925
65 101.067360 0.177933
69 102.490845 0.177940
69 102.846718 0.177940
67 103.558464 0.177933
65 103.736397 0.177940
70 103.914337 0.177925
70 104.270203 0.177933
72 104.981941 0.177940
74 105.159882 0.177933
69 105.337814 0.177940
69 105.693687 0.177940
67 106.405434 0.177933
65 106.583366 0.177933
67 106.761299 0.177933
67 107.117165 0.177940
67 107.473038 0.177940
69 107.650978 0.177933
67 107.828911 0.177940
65 108.006851 0.177933
69 108.184784 0.177933
69 108.540657 0.177933
67 109.252403 0.177933
65 109.430336 0.177933
70 109.608269 0.177933
70 109.964134 0.177940
72 110.675880 0.177933
74 110.853813 0.177940
69 111.031754 0.177933
67 111.743500 0.177933
60 112.099365 0.177940
62 112.277306 0.177925
65 112.455231 0.177940
72 113.878723 0.177933
74 114.056656 0.177933
77 114.234589 0.177940
72 114.946335 0.177940
74 115.124275 0.177933
77 115.302208 0.177925
72 115.836006 0.088966
74 115.924973 0.088974
79 116.013947 0.177933
81 116.191879 0.177940
72 116.725685 0.177940
74 116.903625 0.177933
77 117.081558 0.177940
72 117.793304 0.177933
74 117.971237 0.177933
77 118.149170 0.177933
79 118.682976 0.088966
81 118.771942 0.088966
74 118.860909 0.177940
72 119.038849 0.177933
72 119.572655 0.177940
74 119.750595 0.177933
77 119.928528 0.177933
72 120.640274 0.177933
74 120.818207 0.177940
77 120.996147 0.177925
72 121.529945 0.088966
74 121.618912 0.088966
79 121.707878 0.177940
81 121.885818 0.177933
72 122.775497 0.177933
74 122.953430 0.177940
77 123.131371 0.177933
72 123.487244 0.177933
74 123.665176 0.177925
77 123.843102 0.177940
72 125.266594 0.177933
74 125.444527 0.177940
77 125.622467 0.177933
72 126.334206 0.177940
74 126.512146 0.177933
77 126.690079 0.177933
72 127.223877 0.088974
74 127.312851 0.088966
79 127.401817 0.177933
81 127.579750 0.177940
72 128.113556 0.177933
74 128.291489 0.177948
77 128.469437 0.177933
72 129.181183 0.177933
74 129.359116 0.177917
77 129.537033 0.177948
79 130.070847 0.088974
81 130.159821 0.088959
74 130.248779 0.177948
72 130.426727 0.177933
72 130.960526 0.177933
74 131.138458 0.177948
77 131.316406 0.177933
72 132.028137 0.177948
74 132.206085 0.177933
77 132.384018 0.177933
72 132.917816 0.088974
74 133.006790 0.088959
79 133.095749 0.177933
81 133.273682 0.177948
72 134.163361 0.177933
74 134.341293 0.177933
77 134.519226 0.177948
72 134.875107 0.177933
74 135.053040 0.177933
77 135.230972 0.177933
79 136.298599 0.177933
81 136.476532 0.177933
84 136.654465 0.177933
84 137.722076 0.177933
86 137.900009 0.177948
88 138.077957 0.177933
86 138.433823 0.177933
84 138.611755 0.177948
86 138.967636 0.177933
81 139.145569 0.177933
79 140.569046 0.177933
81 140.746979 0.177933
84 140.924911 0.177933
81 141.280777 0.177948
79 141.458725 0.177933
81 141.814590 0.177933
77 141.992523 0.177948
79 143.416016 0.177933
81 143.593948 0.177933
84 143.771881 0.177948
81 144.127762 0.177933
79 144.305695 0.177933
81 144.661575 0.177933
76 145.195358 0.177933
69 145.729172 0.177933
72 146.262970 0.177948
81 146.618851 0.177933
84 146.974716 0.177933
79 147.152649 0.177948
77 147.686462 0.177933
84 148.042343 0.177933
84 149.109955 0.177933
86 149.287888 0.177933
89 149.465820 0.177933
88 149.821701 0.177933
84 149.999634 0.177933
86 150.355499 0.177948
81 150.533447 0.177933
77 151.778976 0.177933
79 151.956909 0.177933
81 152.134842 0.177948
84 152.312790 0.177933
81 152.668655 0.177933
79 152.846588 0.177933
81 153.202469 0.177933
77 153.380402 0.177933
79 154.803894 0.177933
81 154.981827 0.177933
84 155.159760 0.177933
81 155.515625 0.177948
79 155.693573 0.177933
81 156.049438 0.177933
88 156.583237 0.177933
69 157.117035 0.177948
72 157.650848 0.177933
81 158.006714 0.177948
79 158.540527 0.177933
81 159.074341 0.177933
77 159.430206 0.177933
65 163.344788 0.177933
67 163.522720 0.177933
69 163.700653 0.237244
67 163.937897 0.237259
65 164.175156 0.237244
67 164.412399 0.237244
65 164.649643 0.237259
62 164.886902 0.237244
60 165.124146 0.355865
69 167.081436 0.177933
67 167.259369 0.177948
65 167.437317 0.177933
