433 0.052 170
70 0.000000 0.165972
70 0.333333 0.165972
70 0.999999 0.157639
68 1.166666 0.157639
68 1.499998 0.157639
65 1.833331 0.157639
65 2.166665 0.157639
68 2.499998 0.157639
70 2.666664 0.165972
70 2.999997 0.165972
70 3.666663 0.157639
73 3.833329 0.157639
73 4.166663 0.157638
75 4.499996 0.157638
75 4.833329 0.157638
77 5.166661 0.157639
70 5.333328 0.165972
70 5.666661 0.165972
70 6.333327 0.157639
68 6.499993 0.157639
68 6.833326 0.157639
65 7.166659 0.157639
65 7.499992 0.157639
68 7.833325 0.157639
77 7.999992 0.165972
77 8.333325 0.165972
77 8.999991 0.157639
80 9.166658 0.157639
80 9.499990 0.157640
82 9.833324 0.157639
82 10.166656 0.249307
70 10.666656 0.165973
70 10.999989 0.165973
70 11.666655 0.157639
68 11.833322 0.157639
68 12.166654 0.157640
65 12.499988 0.157639
65 12.833320 0.157640
68 13.166654 0.157639
70 13.333320 0.165973
70 13.666653 0.165973
70 14.333319 0.157639
73 14.499986 0.157639
73 14.833318 0.157640
75 15.166652 0.157639
75 15.499984 0.157640
77 15.833318 0.157639
70 15.999984 0.165973
70 16.333317 0.165972
70 16.999985 0.157637
68 17.166651 0.157637
68 17.499983 0.157637
65 17.833317 0.157637
65 18.166649 0.157637
68 18.499983 0.157637
77 18.666649 0.165972
77 18.999981 0.165974
77 19.666649 0.157637
80 19.833315 0.157637
80 20.166645 0.157639
82 20.499981 0.157637
82 20.833311 0.249308
70 21.333311 0.165974
70 21.666643 0.165976
70 22.333311 0.157639
68 22.499977 0.157639
68 22.833309 0.157639
65 23.166643 0.157639
65 23.499975 0.157639
68 23.833309 0.157639
70 23.999975 0.165974
70 24.333307 0.165976
70 24.999975 0.157639
73 25.166641 0.157639
73 25.499973 0.157639
75 25.833307 0.157639
75 26.166639 0.157639
77 26.499973 0.157639
70 26.666639 0.165972
70 26.999971 0.165974
70 27.666639 0.157639
68 27.833305 0.157639
68 28.166637 0.157639
65 28.499971 0.157639
65 28.833303 0.157639
68 29.166637 0.157639
77 29.333303 0.165972
77 29.666636 0.165974
77 30.333303 0.157639
80 30.499969 0.157639
80 30.833302 0.157639
82 31.166636 0.157639
82 31.499968 0.249306
77 35.666634 0.157635
80 35.833298 0.157639
82 36.166634 0.157635
77 36.499966 0.157635
77 36.833298 0.249302
77 40.999962 0.157635
80 41.166622 0.157642
80 41.499962 0.157635
82 41.833290 0.157639
82 42.166622 0.249306
77 42.666622 0.165970
70 43.166622 0.157639
70 43.666622 0.165970
70 44.166622 0.157639
73 44.499954 0.157639
75 44.666622 0.082638
77 44.833286 0.157642
75 44.999954 0.157639
73 45.166618 0.157642
70 45.333286 0.165970
70 45.833286 0.157639
68 46.333286 0.157639
75 46.499950 0.157642
68 46.833286 0.157639
63 47.166618 0.157639
65 47.333286 0.165970
68 47.666618 0.165970
77 47.999950 0.165970
70 48.499950 0.157639
70 48.999950 0.165970
70 49.499950 0.157639
73 49.833282 0.157639
75 49.999950 0.157639
77 50.166615 0.157642
75 50.333282 0.157639
73 50.499947 0.157642
70 50.666615 0.165970
70 51.166615 0.157639
68 51.666615 0.157639
75 51.833279 0.157642
68 52.166615 0.157639
63 52.499947 0.157639
65 52.666615 0.165970
68 52.999947 0.165970
65 53.333279 0.165970
63 53.833279 0.157639
62 54.333279 0.165970
58 54.833279 0.157639
65 55.166611 0.157639
68 55.333279 0.157639
73 55.499943 0.157642
70 55.666611 0.157639
68 55.833275 0.157642
65 55.999943 0.165970
65 56.499943 0.157639
63 56.999943 0.165970
63 57.499943 0.157639
58 57.833275 0.157639
61 57.999943 0.165970
63 58.333275 0.165970
65 58.666607 0.165970
63 59.166607 0.157639
62 59.666607 0.165970
58 60.166607 0.157639
65 60.499939 0.157639
68 60.666607 0.157639
73 60.833271 0.157642
70 60.999939 0.157639
68 61.166603 0.157642
65 61.333271 0.165970
65 61.833271 0.157639
63 62.333271 0.157639
70 62.499935 0.078472
68 62.583271 0.078468
70 62.666603 0.165970
70 62.999935 0.165974
70 63.333271 0.165970
68 63.666603 0.078468
70 63.749935 0.078472
73 63.833267 0.082638
75 63.999935 0.165966
73 64.333267 0.157639
75 64.499939 0.157631
73 64.833267 0.157639
75 65.166603 0.157639
73 65.499939 0.157631
75 65.666603 0.157639
77 65.833267 0.157639
73 65.999939 0.165962
70 66.333267 0.165970
75 69.333267 0.165962
73 69.666603 0.157631
75 69.833267 0.157639
73 70.166603 0.157631
75 70.499931 0.157639
73 70.833267 0.157639
75 70.999931 0.157639
77 71.166595 0.157639
80 71.333267 0.165962
70 71.666595 0.165970
75 74.666595 0.165962
73 74.999931 0.157631
75 75.166595 0.157639
73 75.499931 0.157631
75 75.833260 0.157639
73 76.166595 0.157639
75 76.333260 0.157639
77 76.499924 0.157639
73 76.666595 0.165962
70 76.999924 0.157639
68 77.166595 0.157631
70 77.333260 0.474304
73 77.833260 0.157639
70 79.499924 0.157639
73 79.666580 0.157646
75 79.833260 0.157631
75 79.999924 0.165962
73 80.333260 0.157631
75 80.499924 0.157639
73 80.833260 0.157631
75 81.166580 0.157646
73 81.499924 0.157639
75 81.666580 0.157646
77 81.833244 0.157646
80 81.999924 0.165962
70 82.333244 0.157646
68 82.499924 0.157631
70 82.666580 0.474304
73 83.166580 0.157646
70 85.333244 0.165977
70 85.666580 0.165970
70 86.333244 0.157646
68 86.499908 0.157654
68 86.833244 0.157646
65 87.166573 0.157654
65 87.499908 0.157646
68 87.833244 0.157646
70 87.999908 0.165977
70 88.333244 0.165970
70 88.999908 0.157646
73 89.166573 0.157654
73 89.499908 0.157646
75 89.833237 0.157654
75 90.166573 0.157646
77 90.499908 0.157646
70 90.666573 0.165977
70 90.999908 0.165970
70 91.666573 0.157646
68 91.833237 0.157654
68 92.166573 0.157646
65 92.499901 0.157654
65 92.833237 0.157646
68 93.166573 0.157646
77 93.333237 0.165977
77 93.666573 0.165970
77 94.333237 0.157646
80 94.499901 0.157654
80 94.833237 0.157646
82 95.166565 0.157654
82 95.499901 0.249313
70 95.999901 0.165977
70 96.333237 0.165970
70 96.999901 0.157646
68 97.166565 0.157654
68 97.499901 0.157646
65 97.833229 0.157654
65 98.166565 0.157646
68 98.499901 0.157646
70 98.666565 0.165977
70 98.999901 0.165970
70 99.666565 0.157646
73 99.833229 0.157654
73 100.166565 0.157646
75 100.499893 0.157654
75 100.833229 0.157646
77 101.166565 0.157646
70 101.333229 0.165977
70 101.666565 0.165970
70 102.333229 0.157646
68 102.499893 0.157654
68 102.833229 0.157646
65 103.166557 0.157654
65 103.499893 0.157646
68 103.833229 0.157646
77 103.999893 0.165977
77 104.333229 0.165970
77 104.999893 0.157646
80 105.166557 0.157654
80 105.499893 0.157646
82 105.833221 0.157654
82 106.166557 0.249313
77 110.333221 0.157646
80 110.499886 0.157654
82 110.833221 0.157646
77 111.166550 0.157654
77 111.499886 0.249313
77 115.666550 0.157639
80 115.833214 0.157654
80 116.166550 0.157639
82 116.499878 0.157654
82 116.833214 0.249313
70 117.333214 0.110420
70 117.555435 0.104866
68 117.777664 0.110405
70 117.999878 0.110420
70 118.222107 0.104858
73 118.444328 0.110413
75 118.666542 0.110420
75 118.888771 0.104858
73 119.110992 0.110413
70 119.333214 0.165977
68 119.666542 0.165977
70 119.999878 0.110420
70 120.222099 0.104866
68 120.444328 0.110405
70 120.666542 0.110420
70 120.888771 0.104858
73 121.110992 0.110413
61 121.333214 0.110413
63 121.555435 0.104858
65 121.777657 0.110413
68 121.999878 0.110413
68 122.222099 0.104866
70 122.444328 0.110405
70 122.666542 0.110420
70 122.888763 0.104866
68 123.110992 0.110405
70 123.333206 0.110420
70 123.555435 0.104858
73 123.777657 0.110413
75 123.999870 0.110420
75 124.222099 0.104858
73 124.444321 0.110413
70 124.666542 0.165977
68 124.999870 0.165977
70 125.333206 0.110420
70 125.555428 0.104866
68 125.777657 0.110405
70 125.999870 0.110420
70 126.222099 0.104858
73 126.444321 0.110413
77 126.666542 0.110413
63 126.888763 0.104858
65 127.110985 0.110413
68 127.333206 0.110413
68 127.555428 0.104866
70 127.777657 0.110405
70 127.999870 0.110420
70 128.222092 0.104874
68 128.444321 0.110413
70 128.666534 0.110413
70 128.888763 0.104858
73 129.110977 0.110428
75 129.333206 0.110413
75 129.555420 0.104874
73 129.777649 0.110413
70 129.999878 0.165970
68 130.333206 0.165970
70 130.666534 0.110413
70 130.888748 0.104874
68 131.110977 0.110413
70 131.333206 0.110413
70 131.555420 0.104874
73 131.777649 0.110413
61 131.999878 0.110397
63 132.222092 0.104858
65 132.444305 0.110428
68 132.666534 0.110413
68 132.888748 0.104874
70 133.110977 0.110413
70 133.333206 0.110413
70 133.555420 0.104874
68 133.777649 0.110413
70 133.999863 0.110413
70 134.222076 0.104889
73 134.444321 0.110397
75 134.666534 0.110413
75 134.888748 0.104874
73 135.110977 0.110413
70 135.333206 0.165955
68 135.666534 0.165985
70 135.999878 0.110397
70 136.222076 0.104874
68 136.444305 0.110413
70 136.666534 0.110413
70 136.888748 0.104874
73 137.110977 0.110413
77 137.333206 0.110413
75 137.555405 0.104889
73 137.777649 0.110397
75 137.999863 0.110413
73 138.222076 0.104874
70 138.444305 0.110413
70 138.666534 0.165955
77 139.999863 0.110413
75 140.222076 0.104874
73 140.444305 0.110413
75 140.666534 0.110413
73 140.888748 0.104874
70 141.110977 0.110413
70 141.333191 0.104858
68 141.444305 0.104858
70 145.333191 0.110413
73 145.555405 0.104874
75 145.777634 0.110413
80 145.999863 0.110413
77 146.222076 0.104874
80 146.444305 0.110413
82 146.666534 0.165955
70 148.999863 0.157623
73 149.166519 0.157639
75 149.333191 0.165955
73 149.666519 0.157639
75 149.833191 0.157639
73 150.166519 0.157639
75 150.499863 0.157623
73 150.833191 0.157639
75 150.999863 0.157623
77 151.166519 0.157639
73 151.333191 0.165955
70 151.666519 0.157639
68 151.833191 0.157639
70 151.999847 0.474304
73 152.499847 0.157639
70 154.166519 0.157639
73 154.333191 0.157623
75 154.499847 0.157639
75 154.666519 0.165955
73 154.999847 0.157639
75 155.166519 0.157639
73 155.499847 0.157639
75 155.833191 0.157623
73 156.166519 0.157639
75 156.333191 0.157623
77 156.499847 0.157639
80 156.666519 0.165955
70 156.999847 0.157639
68 157.166519 0.157639
70 157.333191 0.474274
73 157.833160 0.157654
